function [v, e] = get_bbox(p1, p2)
v = [p1(1), p1(1), p1(1), p1(1), p2(1), p2(1), p2(1), p2(1)
    p1(2), p1(2), p2(2), p2(2), p1(2), p1(2), p2(2), p2(2)
    p1(3), p2(3), p1(3), p2(3), p1(3), p2(3), p1(3), p2(3)];
e = [3, 4, 1, 1, 4, 4, 1, 2, 3, 4, 5, 5, 8, 8
    8, 7, 2, 3, 2, 3, 5, 6, 7, 8, 6, 7, 6, 7];
end